{"parameters":{"policies":{"random":{"Wn":2,"labels":[true,true,true,true,true,false,false,false,false],"sample_std":1.0,"theta0":[0.0,0.0,0.0,4.0,4.0],"Sigma0":[[16.0,0.0,0.0,0.0,0.0],[0.0,16.0,0.0,0.0,0.0],[0.0,0.0,16.0,0.0,0.0],[0.0,0.0,0.0,16.0,0.0],[0.0,0.0,0.0,0.0,16.0]],"theta_t":[1.0206514430313283,-0.9166012051987753,0.857310860636216,-0.9988457298651423,1.9391536762055839],"Sigma_t":[[0.009154526245352861,-0.0074082446444075495,-0.0037737950612205797,-0.007355094612075611,0.00745618341880185],[-0.0074082446444075495,0.014172979583219374,0.000683091992948338,0.007075368861242187,-0.014169325791035515],[-0.0037737950612205797,0.000683091992948338,0.006703038599336308,0.0005872542836798844,-0.0007828867194695303],[-0.007355094612075611,0.007075368861242187,0.0005872542836798844,0.013238591009261296,-0.013241469991880606],[0.00745618341880185,-0.014169325791035515,-0.0007828867194695303,-0.013241469991880606,0.02677929420148264]]},"fEVI":{"Wn":2,"sample_std":1.0,"theta0":[0.0,0.0,0.0,4.0,4.0],"Sigma0":[[16.0,0.0,0.0,0.0,0.0],[0.0,16.0,0.0,0.0,0.0],[0.0,0.0,16.0,0.0,0.0],[0.0,0.0,0.0,16.0,0.0],[0.0,0.0,0.0,0.0,16.0]],"labels":[true,true,true,true,true,false,false,false,false],"theta_t":[-0.0342076189331641,0.8220969326966072,1.145298224044084,2.0016027756738395,1.077690973838751,1.9339955254685186,0.0013131117138357549,0.8576176633436002],"Sigma_t":[[0.008376479340085221,0.004907529714575575,0.001666929729919344,-0.0018020198955895218,0.0017847336541121572,-0.0016842159713984146,0.001638009914880927,-0.0018309397106277675],[0.004907529714575575,0.00811305104242208,-0.0015350125877096263,0.0016705087401361085,-0.0016388253033148815,0.0015666960245324178,-0.0015189468692387987,0.0016865744586067712],[0.001666929729919344,-0.0015350125877096263,0.008289975145519301,0.005088032827889495,0.0016396151729958686,-0.0015623271446338776,0.0015173323508467062,-0.0016846099667828503],[-0.0018020198955895218,0.0016705087401361085,0.005088032827889495,0.00856056146361604,-0.0017839437844303172,0.001688584851296153,-0.0016396244332737568,0.0018329042024525124],[0.0017847336541121572,-0.0016388253033148815,0.0016396151729958686,-0.0017839437844303172,0.008324212285157992,0.004900653327733776,0.0016248478221125423,-0.0017987111353138195],[-0.0016842159713984146,0.0015666960245324178,-0.0015623271446338776,0.001688584851296153,0.004900653327733776,0.008151565323661928,-0.0015321089620082696,0.0017188030339219335],[0.001638009914880927,-0.0015189468692387987,0.0015173323508467062,-0.0016396244332737568,0.0016248478221125423,-0.0015321089620082696,0.008244270302234338,0.005087313518113634],[-0.0018309397106277675,0.0016865744586067712,-0.0016846099667828503,0.0018329042024525124,-0.0017987111353138195,0.0017188030339219335,0.005087313518113634,0.008604827687349274]],"p":[0.25,0.25,0.25,0.25],"FX":{"marginals":[{"support":[1,2],"p":[0.5,0.5]},{"support":[1,2],"p":[0.5,0.5]}],"len":3,"cat":[true,true],"intercept":true,"reduce_category":true},"gn":4},"biasedcoin":{"Wn":2,"labels":[true,true,true,true,true,false,false,false,false],"sample_std":1.0,"theta0":[0.0,0.0,0.0,4.0,4.0],"Sigma0":[[16.0,0.0,0.0,0.0,0.0],[0.0,16.0,0.0,0.0,0.0],[0.0,0.0,16.0,0.0,0.0],[0.0,0.0,0.0,16.0,0.0],[0.0,0.0,0.0,0.0,16.0]],"theta_t":[0.9545798493725901,-0.8905640368596279,0.8563700857055304,-0.8647270549944017,1.8832912966241484],"Sigma_t":[[0.008303113000576914,-0.006656191716003423,-0.003444626024362988,-0.006518377635067426,0.0065089870308747315],[-0.006656191716003423,0.013230612977960963,0.0002642103228699996,0.006511550902435891,-0.013206171734920452],[-0.003444626024362988,0.0002642103228699996,0.006674165505515926,-2.9527860129174718e-6,5.192229679578264e-6],[-0.006518377635067426,0.006511550902435891,-2.9527860129174718e-6,0.01313155469535177,-0.013117744601777965],[0.0065089870308747315,-0.013206171734920452,5.192229679578264e-6,-0.013117744601777965,0.026603866736105472]],"subgroups":[1,2],"prognostic":[[3]],"pk":[0.8,0.19999999999999996],"distance":1,"Gweight":[1.0]},"Hu":{"Wn":2,"labels":[true,true,true,true,true,false,false,false,false],"sample_std":1.0,"theta0":[0.0,0.0,0.0,4.0,4.0],"Sigma0":[[16.0,0.0,0.0,0.0,0.0],[0.0,16.0,0.0,0.0,0.0],[0.0,0.0,16.0,0.0,0.0],[0.0,0.0,0.0,16.0,0.0],[0.0,0.0,0.0,0.0,16.0]],"theta_t":[0.9690238334084664,-0.8809783752360254,0.8570862156401351,-0.8959313235029046,1.8654183641813806],"Sigma_t":[[0.008436846125560234,-0.006767989915895005,-0.003490442609751641,-0.006651974082953563,0.006642409248149591],[-0.006767989915895005,0.013320663030948771,0.00030969204153191194,0.006601979246540832,-0.013296471500631658],[-0.003490442609751641,0.00030969204153191194,0.0066747486255871805,8.75590036798483e-5,-8.522392726725161e-5],[-0.006651974082953563,0.006601979246540832,8.75590036798483e-5,0.013132560324988482,-0.013118682581067395],[0.006642409248149591,-0.013296471500631658,-8.522392726725161e-5,-0.013118682581067395,0.026604737206565095]],"subgroups":[1,2],"prognostic":[[3]],"pk":[0.8,0.19999999999999996],"Gweight":[0.25,0.25,0.25]}},"T":600,"reps":5000,"delay":0,"Xinterest":[[1.0,0.0,0.0],[1.0,0.0,1.0],[1.0,1.0,0.0],[1.0,1.0,1.0]],"FX":{"marginals":[{"support":[1,2],"p":[0.5,0.5]},{"support":[1,2],"p":[0.5,0.5]}],"len":3,"cat":[true,true],"intercept":true,"reduce_category":true},"FXtilde":{"marginals":[{"support":[1,2],"p":[0.5,0.5]},{"support":[1,2],"p":[0.5,0.5]}],"len":3,"cat":[true,true],"intercept":true,"reduce_category":true},"Wn":2,"outcome_model":{"Wn":2,"m":3,"labels":[true,true,true,true,true,false,false,false,false],"sample_std":1.0,"mu":[1.0,-1.0,1.0,-1.0,2.0]}},"results":{"biasedcoin":{"cumulPICS_on":{"n":[5000,5000,5000,5000,5000,5000,5000,5000,5000,5000,5000,5000,5000,5000,5000,5000,5000,5000,5000,5000,5000,5000,5000,5000,5000,5000,5000,5000,5000,5000,5000,5000,5000,5000,5000,5000,5000,5000,5000,5000,5000,5000,5000,5000,5000,5000,5000,5000,5000,5000,5000,5000,5000,5000,5000,5000,5000,5000,5000,5000,5000,5000,5000,5000,5000,5000,5000,5000,5000,5000,5000,5000,5000,5000,5000,5000,5000,5000,5000,5000,5000,5000,5000,5000,5000,5000,5000,5000,5000,5000,5000,5000,5000,5000,5000,5000,5000,5000,5000,5000,5000,5000,5000,5000,5000,5000,5000,5000,5000,5000,5000,5000,5000,5000,5000,5000,5000,5000,5000,5000,5000,5000,5000,5000,5000,5000,5000,5000,5000,5000,5000,5000,5000,5000,5000,5000,5000,5000,5000,5000,5000,5000,5000,5000,5000,5000,5000,5000,5000,5000,5000,5000,5000,5000,5000,5000,5000,5000,5000,5000,5000,5000,5000,5000,5000,5000,5000,5000,5000,5000,5000,5000,5000,5000,5000,5000,5000,5000,5000,5000,5000,5000,5000,5000,5000,5000,5000,5000,5000,5000,5000,5000,5000,5000,5000,5000,5000,5000,5000,5000,5000,5000,5000,5000,5000,5000,5000,5000,5000,5000,5000,5000,5000,5000,5000,5000,5000,5000,5000,5000,5000,5000,5000,5000,5000,5000,5000,5000,5000,5000,5000,5000,5000,5000,5000,5000,5000,5000,5000,5000,5000,5000,5000,5000,5000,5000,5000,5000,5000,5000,5000,5000,5000,5000,5000,5000,5000,5000,5000,5000,5000,5000,5000,5000,5000,5000,5000,5000,5000,5000,5000,5000,5000,5000,5000,5000,5000,5000,5000,5000,5000,5000,5000,5000,5000,5000,5000,5000,5000,5000,5000,5000,5000,5000,5000,5000,5000,5000,5000,5000,5000,5000,5000,5000,5000,5000,5000,5000,5000,5000,5000,5000,5000,5000,5000,5000,5000,5000,5000,5000,5000,5000,5000,5000,5000,5000,5000,5000,5000,5000,5000,5000,5000,5000,5000,5000,5000,5000,5000,5000,5000,5000,5000,5000,5000,5000,5000,5000,5000,5000,5000,5000,5000,5000,5000,5000,5000,5000,5000,5000,5000,5000,5000,5000,5000,5000,5000,5000,5000,5000,5000,5000,5000,5000,5000,5000,5000,5000,5000,5000,5000,5000,5000,5000,5000,5000,5000,5000,5000,5000,5000,5000,5000,5000,5000,5000,5000,5000,5000,5000,5000,5000,5000,5000,5000,5000,5000,5000,5000,5000,5000,5000,5000,5000,5000,5000,5000,5000,5000,5000,5000,5000,5000,5000,5000,5000,5000,5000,5000,5000,5000,5000,5000,5000,5000,5000,5000,5000,5000,5000,5000,5000,5000,5000,5000,5000,5000,5000,5000,5000,5000,5000,5000,5000,5000,5000,5000,5000,5000,5000,5000,5000,5000,5000,5000,5000,5000,5000,5000,5000,5000,5000,5000,5000,5000,5000,5000,5000,5000,5000,5000,5000,5000,5000,5000,5000,5000,5000,5000,5000,5000,5000,5000,5000,5000,5000,5000,5000,5000,5000,5000,5000,5000,5000,5000,5000,5000,5000,5000,5000,5000,5000,5000,5000,5000,5000,5000,5000,5000,5000,5000,5000,5000,5000,5000,5000,5000,5000,5000,5000,5000,5000,5000,5000,5000,5000,5000,5000,5000,5000,5000,5000,5000,5000,5000,5000,5000,5000,5000,5000,5000,5000,5000,5000,5000,5000,5000,5000,5000,5000,5000,5000,5000,5000,5000,5000,5000,5000,5000,5000,5000,5000,5000,5000,5000,5000,5000,5000,5000,5000,5000,5000,5000,5000,5000,5000,5000,5000,5000,5000,5000,5000,5000,5000,5000,5000,5000,5000,5000,5000],"mean":[0.5098,1.0134,1.5073999999999999,2.0054,2.5044,3.0067999999999997,3.495599999999999,4.003399999999997,4.503199999999999,5.0012,5.500799999999999,6.0106,6.519999999999999,7.0316,7.5294,8.030600000000002,8.527000000000001,9.015999999999996,9.5014,10.001999999999995,10.4948,10.992,11.481599999999997,11.9918,12.5014,13.001999999999999,13.496599999999999,14.007000000000001,14.506200000000002,14.994999999999996,15.492400000000005,15.993600000000004,16.494600000000005,16.988999999999997,17.505600000000005,17.999400000000005,18.504199999999997,19.008,19.518800000000002,20.0232,20.512600000000003,20.997400000000003,21.505000000000003,21.9956,22.500800000000005,22.988600000000005,23.485,23.975,24.480200000000004,24.988999999999997,25.5022,25.9988,26.4952,26.997000000000003,27.499599999999997,27.997999999999998,28.476999999999997,28.981199999999994,29.4782,29.9842,30.486199999999997,30.993800000000004,31.489599999999992,31.989599999999985,32.5098,33.0162,33.52500000000002,34.01460000000001,34.519999999999996,35.034200000000006,35.531000000000006,36.030599999999986,36.523800000000016,37.022000000000006,37.5362,38.0262,38.514999999999986,39.0038,39.508,40.0204,40.531800000000004,41.02819999999999,41.51539999999999,42.0066,42.5148,43.01840000000001,43.5048,43.995,44.4968,44.9968,45.4996,46.001999999999995,46.500800000000005,47.01500000000001,47.516600000000004,48.0124,48.515,49.01280000000001,49.499599999999965,49.9918,50.51120000000001,51.007400000000004,51.50120000000001,52.0064,52.50920000000001,53.002400000000016,53.50319999999999,54.0078,54.501799999999996,55.0122,55.507400000000004,56.002799999999986,56.501400000000004,57.004999999999995,57.50519999999998,57.9998,58.5036,59.005199999999995,59.50779999999999,60.0136,60.51700000000001,61.00619999999998,61.49679999999999,62.00300000000001,62.51220000000001,63.01280000000001,63.524400000000014,64.02560000000001,64.52719999999995,65.0114,65.5124,66.01799999999999,66.51639999999998,67.00680000000004,67.49540000000002,67.99980000000004,68.49580000000002,68.98719999999997,69.49120000000002,69.99680000000001,70.4964,70.99760000000002,71.50760000000002,72.00280000000001,72.50020000000004,73.00300000000001,73.50099999999999,73.9972,74.51480000000001,75.01339999999998,75.49920000000002,76.00799999999998,76.51039999999998,77.00999999999999,77.51539999999999,78.0146,78.51420000000002,79.01399999999998,79.51339999999999,80.0124,80.5206,81.024,81.52279999999999,82.02020000000002,82.50100000000002,82.98360000000002,83.48899999999999,83.98700000000002,84.48019999999997,84.98920000000001,85.50540000000004,86.005,86.50639999999996,87.0056,87.50940000000003,88.0,88.4998,88.99140000000003,89.49740000000001,90.0026,90.49759999999996,90.9896,91.48760000000001,91.99880000000005,92.50580000000001,93.0052,93.5102,94.01539999999997,94.5072,95.00040000000001,95.51240000000001,96.01319999999997,96.51780000000002,97.02819999999998,97.5266,98.01960000000003,98.52000000000001,99.02199999999999,99.5278,100.026,100.53420000000001,101.02619999999999,101.53219999999999,102.02760000000002,102.5268,103.03360000000002,103.5438,104.05100000000002,104.5528,105.04540000000001,105.52600000000001,106.02220000000003,106.5216,107.01720000000005,107.51279999999997,108.00700000000002,108.51360000000001,109.0182,109.51919999999996,110.00739999999999,110.51,111.01360000000004,111.5156,112.02499999999999,112.52520000000001,113.0236,113.51640000000003,114.01920000000001,114.5148,115.02,115.5218,116.0138,116.50160000000001,117.00200000000001,117.504,118.00099999999999,118.50640000000001,119.0098,119.50859999999999,120.00640000000001,120.4998,120.99799999999998,121.4982,121.99079999999998,122.4844,122.99620000000002,123.50120000000003,123.9894,124.49359999999997,124.99559999999997,125.483,125.984,126.4976,127.0012,127.49660000000003,127.99299999999998,128.501,129.00019999999998,129.49879999999996,129.998,130.49900000000002,131.00320000000005,131.51040000000003,132.0126,132.51760000000002,133.01399999999995,133.50500000000005,134.00479999999996,134.49540000000002,134.99159999999998,135.4956,135.9952,136.50839999999994,137.0078,137.50900000000004,138.01660000000004,138.49519999999998,138.99379999999996,139.48900000000006,139.98539999999997,140.4854,140.9944,141.48800000000003,141.97400000000002,142.47160000000005,142.97379999999998,143.47680000000003,143.973,144.478,144.97479999999993,145.47080000000003,145.9734,146.475,146.9668,147.46739999999994,147.97359999999995,148.48140000000004,148.98180000000005,149.48020000000002,149.98139999999998,150.47199999999995,150.97459999999998,151.48000000000005,151.98420000000004,152.49460000000005,152.9888,153.48000000000002,153.9778,154.47980000000004,154.9798,155.4716,155.98000000000008,156.4746,156.9698,157.47239999999994,157.97080000000003,158.47619999999998,158.97660000000002,159.47499999999997,159.99280000000005,160.49139999999997,161.0044,161.50079999999997,162.01180000000005,162.51619999999997,163.01060000000007,163.5168,164.01399999999998,164.52379999999997,165.0288,165.53119999999998,166.02500000000003,166.52140000000003,167.02180000000004,167.52059999999997,168.03580000000002,168.52859999999998,169.0298,169.51919999999996,170.01319999999996,170.50760000000005,171.00619999999998,171.49639999999997,172.00019999999998,172.49340000000007,172.99680000000004,173.49119999999996,173.99380000000002,174.50119999999998,175.0048,175.52460000000005,176.02500000000006,176.53720000000004,177.03080000000006,177.52719999999997,178.0202,178.51339999999996,179.00959999999998,179.50180000000006,180.00060000000002,180.49780000000004,180.9986,181.4954,181.98820000000003,182.48520000000005,182.9734,183.46439999999998,183.9728,184.4736,184.98299999999995,185.48519999999996,185.98719999999997,186.48199999999994,186.99060000000003,187.49620000000004,187.998,188.49359999999996,188.9904,189.49720000000002,190.00560000000002,190.50700000000003,191.0232,191.51879999999994,192.016,192.51920000000004,193.03019999999995,193.52439999999996,194.01799999999997,194.5286,195.02899999999994,195.53,196.0184,196.51260000000005,197.019,197.50320000000002,198.012,198.51379999999997,199.0162,199.5188,200.01919999999998,200.51979999999998,201.0198,201.51399999999998,202.00459999999998,202.51380000000003,203.01020000000003,203.508,204.00660000000002,204.51199999999994,205.00719999999993,205.49999999999997,205.99779999999998,206.50480000000002,206.9946,207.497,207.98680000000002,208.49099999999999,208.99540000000002,209.4973999999999,209.99299999999997,210.49259999999998,210.9992,211.49059999999994,211.99460000000005,212.4942,212.99759999999998,213.49720000000002,213.9974,214.50259999999997,215.0,215.50239999999997,216.00019999999998,216.49560000000002,216.98759999999996,217.48620000000005,217.97919999999996,218.48919999999998,218.99440000000004,219.4946,219.9942000000001,220.49179999999998,220.98580000000004,221.48560000000003,221.9806,222.47500000000002,222.982,223.4784,223.98819999999998,224.49480000000003,224.9996,225.50499999999997,226.00219999999993,226.50180000000006,226.99480000000008,227.49380000000002,227.99439999999996,228.49280000000005,228.98719999999997,229.49239999999995,230.00660000000008,230.50400000000002,231.01879999999994,231.52279999999996,232.02039999999997,232.50879999999998,233.0074,233.49740000000006,234.00120000000004,234.49440000000007,234.9852,235.48239999999998,235.97199999999998,236.47339999999997,236.97139999999996,237.4794,237.9778,238.47699999999995,238.9702,239.4718,239.97459999999998,240.4822,240.99,241.49320000000006,241.99840000000006,242.4984,243.01240000000007,243.50560000000004,244.00220000000004,244.50360000000006,245.0028,245.50420000000005,246.0,246.50100000000003,247.0022,247.49400000000003,247.9968,248.49580000000003,248.98860000000005,249.4918,249.99480000000005,250.48739999999998,251.00619999999998,251.50679999999997,252.00060000000008,252.5082,253.0184000000001,253.51399999999995,254.01940000000002,254.5156,255.01459999999997,255.5054,256.00919999999996,256.50120000000004,257.0058000000001,257.5002000000001,258.0073999999999,258.50159999999994,259.00939999999997,259.49800000000005,259.99300000000005,260.49299999999994,260.9991999999998,261.50019999999995,262.0127999999999,262.5057999999999,262.99480000000005,263.49100000000004,264.00360000000006,264.4936,264.9948000000001,265.4953999999999,265.993,266.49,266.991,267.48159999999996,267.98499999999996,268.49219999999997,268.991,269.48680000000013,269.98800000000006,270.4813999999999,270.9783999999999,271.477,271.97919999999993,272.47120000000007,272.9717999999999,273.475,273.96559999999994,274.465,274.9762,275.48199999999997,275.98379999999986,276.48560000000003,276.99619999999993,277.4925999999999,277.9982,278.51480000000004,279.01899999999995,279.5173999999999,280.01700000000005,280.5052,281.01399999999995,281.5137999999999,282.01020000000005,282.51000000000005,283.0101999999999,283.50800000000004,284.00600000000003,284.49940000000004,284.99640000000005,285.4944,285.98699999999997,286.4942000000001,286.99899999999997,287.4924,287.9924000000001,288.49020000000013,288.9834000000001,289.49060000000003,289.98999999999995,290.4856,290.9752,291.47119999999995,291.97800000000007,292.47979999999995,292.96920000000006,293.47120000000007,293.9682,294.45640000000003,294.95659999999987,295.4628,295.95439999999996,296.458,296.96259999999995,297.47279999999995,297.98480000000006,298.48640000000006,298.98840000000007,299.48600000000005,299.97979999999995],"std":[0.4998529673680782,0.6484925353235541,0.7471244340120848,0.8076863331239542,0.8663572231559701,0.9043573177200865,0.9264626188108821,0.9617773133346262,0.9681421478524428,0.9773265629678787,1.0034147970318632,1.0244169117239612,1.044630762359562,1.0640888858684552,1.0647502687341492,1.0761000299291394,1.0938329989662037,1.1004456426749485,1.1064746909061025,1.1190929012082347,1.1257657580945437,1.1191976249765727,1.1295832385206295,1.1401328884444986,1.145921077661342,1.1519921173149639,1.1571480706650599,1.1599528540928996,1.1541526877084982,1.1563567556233276,1.1494864690090818,1.1537484015606727,1.1613694807188142,1.1689525505817986,1.1698354065987466,1.1679032447320763,1.1632448800421245,1.1640341613309784,1.178142795774135,1.1777521814242418,1.159207439864392,1.1595938390786045,1.1584108074452713,1.161587786813385,1.1698800475722608,1.184330095330217,1.1757036727158006,1.1657207304624673,1.1601591204677322,1.160395617882401,1.1659939875403376,1.151942847022354,1.160891838373176,1.1654859293682232,1.1678625380931122,1.1625328592461392,1.1706312988748835,1.1562859890865544,1.1481536294906787,1.1731856400958771,1.1803247688075782,1.17770309864211,1.1753843054265214,1.1617112120300517,1.1688230794239955,1.1609467821258581,1.1677072654756102,1.1577164022890036,1.172072752401545,1.1677772307083303,1.1779907231287483,1.1760611886700152,1.1676790906518617,1.1721186562884636,1.16048623381181,1.1601896279427848,1.1627191310566185,1.1585914932929093,1.1663081603426755,1.1606176855336598,1.1598280813583717,1.1657830388352148,1.1720280298316659,1.1717405656166215,1.1694300767863965,1.1780032233406084,1.1701475303549729,1.1732183026991017,1.1688376003176215,1.1664588342548048,1.1574960603497821,1.1620878954322766,1.1672128917176112,1.171364257425285,1.1740989954060963,1.1763815472453871,1.1800184924693415,1.1765027781776314,1.17407690246555,1.1790145882782126,1.1762350386854765,1.173075423725132,1.1683532639860703,1.1670673471691844,1.1751633229742933,1.1545220358413888,1.1475839439297995,1.1516903721537948,1.154171754082222,1.1405290276331417,1.152449553757459,1.1644938314867976,1.1605056144650445,1.1693345563299886,1.155678760754857,1.1593619620345044,1.1495968471391107,1.1474421441131168,1.1498062266220033,1.1517308375461557,1.1606807962366807,1.1597368998959774,1.1595292161785689,1.1563569015951125,1.1645160890091273,1.1693147714121273,1.1721706094506597,1.1705170720616378,1.1716939791718586,1.166580307055533,1.1639359164567378,1.159815916532963,1.1665210567400441,1.176638396680834,1.1698735384763725,1.1609989704233719,1.1657330708160174,1.1766985905964127,1.1721312194351128,1.1771085394057703,1.181836710301637,1.1858460938356783,1.176806116699882,1.1817739524031392,1.1725936881242902,1.1715428371712544,1.1765867428467567,1.1778302482348473,1.178748585649016,1.1895731511305978,1.1710190056130179,1.1721093185508147,1.1840258233618806,1.187225662023479,1.1911895153168504,1.182537538257517,1.1901965618813666,1.2014369019231452,1.2060972696484487,1.1993221403536891,1.20852957705081,1.2062944649646035,1.1991939968583591,1.2002082480640568,1.2045560129712076,1.2021977320896249,1.2043735568007987,1.2021580587953602,1.1847424506120163,1.1777530944788783,1.1886421452586116,1.183194284670863,1.1910225642066232,1.189899184468165,1.1891624872259823,1.188937586855647,1.1835889736646246,1.187156853668407,1.1900291248690176,1.1998256994792755,1.1890720553808491,1.1852745282179884,1.1921130382296428,1.184307315129163,1.1820483975448528,1.1762069222464002,1.1744788870628937,1.1735460285283215,1.1769263986992617,1.1851414517547194,1.184675936215211,1.183008600768341,1.1859514077543163,1.1749054446888039,1.1630140386043213,1.1733291523279439,1.16348482750911,1.1755872028896457,1.183996113960341,1.1704137762772315,1.1579455599639195,1.1612851300755365,1.1581871787107303,1.143564314634231,1.1586381658232463,1.1606459740452935,1.1650919143901288,1.1742802248622268,1.176021205506615,1.1866251212003032,1.1847325932592376,1.178023293876,1.1726638281496273,1.1750224099522493,1.1850510979707667,1.1850979801493144,1.1854362891274106,1.1817365450800275,1.1949870559035998,1.189420250414825,1.1897679291885135,1.1935743525535585,1.2000338563226338,1.1991826192106814,1.1837201990461284,1.1868157459127253,1.1818024685138342,1.1823339712522978,1.179973697809739,1.1904717133443241,1.1865914492096672,1.1768585302926824,1.1787903751617368,1.174718080446854,1.1850605812319333,1.1807641811081635,1.17833288336902,1.1800262295136388,1.173650226876248,1.1613699562350397,1.164314237199307,1.1689613947038977,1.1725336579954575,1.1681974283111531,1.175858136998468,1.1727728683213527,1.1734662861131377,1.170075769300579,1.1703518629428702,1.1880288401424353,1.1913998729117197,1.197700233084083,1.1855247608209958,1.1958718094055858,1.1888113899400319,1.1996647127366475,1.1975800145663533,1.1919887185863662,1.190201931506026,1.1830363722673853,1.1845523902934871,1.1954681803932496,1.1872821477504785,1.1913811588486394,1.1873494529113093,1.177872396274217,1.1908345353622733,1.1700304844204448,1.1757860315602482,1.183739802353771,1.1680586110538662,1.1626532259753248,1.1600483521239113,1.156509572395898,1.1597190816561558,1.1709639006183583,1.1872140979701795,1.1798672744843883,1.1830231012281085,1.1934917885065202,1.196484127379068,1.1845055169889067,1.183274587196218,1.177061022803671,1.18791088435291,1.1846780227760068,1.1813525523750688,1.1868272424259532,1.1789687259777668,1.1750819317111487,1.1718975882308587,1.1650858222764306,1.1615819487939913,1.1635722043731078,1.1651519173066638,1.1774597665961621,1.1747711910385867,1.1790783305751922,1.179470676816483,1.1699410888375736,1.1870705135175368,1.187872255760708,1.1902589238978305,1.1929061495660322,1.1879409338350637,1.1894576855831935,1.1949325863327036,1.189778572509129,1.1918391230698897,1.1790174003294476,1.164247634343644,1.166975349147938,1.1721749078583683,1.177511974402992,1.189523635333003,1.192790321151056,1.190753205270587,1.1924736408832857,1.1745889877710962,1.175620740650527,1.1761295113120982,1.1761848475210257,1.1848241311830319,1.192302534452527,1.1887422364052302,1.176258265433986,1.1862737724458519,1.1963085600512438,1.1993964452449988,1.2088536856721548,1.2123015040890066,1.2046839452119285,1.2030972023793929,1.1979384176097854,1.1969478896648036,1.2072499994202939,1.2084251142104856,1.2098731943094823,1.1949005836129905,1.1992649138250246,1.1902561021825895,1.1893041183255444,1.1795783983138397,1.186759693269836,1.1920764062075746,1.1929563743180995,1.197380994606983,1.1952225407213588,1.1883091804155028,1.2019224115859946,1.201459663788167,1.1930245735482214,1.1949705789158513,1.202605306884572,1.2003583941090106,1.18362413271661,1.1835778035469673,1.1867832593691618,1.1764124086129755,1.181904678908587,1.1885142828391448,1.1849196729023652,1.1893993541720753,1.1979828629422307,1.2125285514160262,1.2079949267799481,1.2006303301421144,1.1984378308301058,1.1947176704946458,1.19514282033193,1.1867247416704199,1.1741868818233832,1.1786344483603053,1.180940578051785,1.1726319650256452,1.1797925031077365,1.174044348026911,1.1929935047489104,1.1959672217810509,1.191733777333928,1.1901291999762715,1.1897307094168512,1.1831630709791272,1.1785640787560339,1.1679311287814216,1.1693860357280352,1.1658897901307121,1.1717552278986534,1.1798829109715365,1.1832812258963898,1.1857287818002866,1.1853313601842734,1.1810349106595706,1.1771457193575263,1.1786660022504853,1.1732956842349547,1.1721933480004727,1.1761377158336574,1.1890436154923114,1.1906939318088736,1.1818572583639764,1.190304048616969,1.1843188309247124,1.1902507696832223,1.1872163953699317,1.1862097551202917,1.1841835435700399,1.1873827417657568,1.181066739338504,1.1767844795631888,1.1830062327832402,1.1689101996965758,1.1625005178295764,1.1515068544226434,1.159749216231006,1.1568242465748309,1.1569994613799148,1.1586533719765073,1.1636941249408874,1.1673669053925844,1.1718453463588074,1.169308160103713,1.1813119258527975,1.1780623576539155,1.171185908375389,1.1808132439846888,1.1911798794068797,1.1862381062139078,1.1882891122308277,1.1798094798086682,1.1776701109472354,1.1820818590519562,1.1870241940903277,1.1871284886333275,1.182399397905254,1.1866139388560655,1.184593359001434,1.1992529791144757,1.200005524945448,1.201237274233491,1.2105055374489166,1.2015996601098937,1.1884613020204216,1.1830740209815864,1.1835853668207403,1.1870993102384464,1.1959702679489579,1.1921421027039094,1.1909399301183894,1.185521889426928,1.1755641777155075,1.1714266901998045,1.174312537857683,1.187609823821642,1.1702425148773177,1.1721553459613818,1.1842924997232236,1.1839178483311807,1.1951777865565159,1.1941293486832336,1.1939288234422643,1.1850624705862525,1.18671421853518,1.1966243195653625,1.203401484704937,1.206027636960902,1.208604657354585,1.1999160971294018,1.194076663869008,1.1878167411765284,1.1903012274904121,1.1931984251605678,1.184472490454503,1.1826360686923167,1.1808222505559562,1.183744294375175,1.1867626472072033,1.1864045172341287,1.2052966494493673,1.194812747093223,1.193799800151235,1.1993159246531708,1.1992808855002823,1.185942270381744,1.1772542671046167,1.178670251804206,1.1768348744088233,1.1809477765479997,1.188188688971043,1.199357205021441,1.189884593675366,1.1911544796720328,1.1988029423614308,1.196635766585078,1.186396931738597,1.194333199957174,1.1884876201532935,1.2004391056929242,1.202802893749659,1.1890349775838989,1.18885432921117,1.1739623297042832,1.1747753670297245,1.167557637779136,1.1631668805812556,1.1698904197882818,1.1681543139149495,1.1647727353127295,1.1535136308254803,1.161974112672254,1.15980652762597,1.1652169194153832,1.1733092561258236,1.1575538935294558,1.1647722338517068,1.167683284966264,1.1662056659311713,1.1781087273652915,1.1816490425150852,1.192081912323079,1.1916097549706648,1.1981109780681485,1.2049653259071516,1.1900957019411407,1.1843604886883117,1.1854792531802916,1.1732637062209181,1.1708776563798462,1.170591269638959,1.1668320333212072,1.1730125907129572,1.1663212053332819,1.1670432647660083,1.175688273400613,1.160724238235456,1.1623023344028345,1.1572129819086263,1.1653318560299142,1.1634164978760904,1.1651065427870866,1.1601943439762872,1.1578689025494617,1.1601619308305406,1.1693398071362875,1.1773531726642845,1.1652186249931995,1.1563757914374697,1.1433385674392196,1.1336128445833613,1.146593838095277,1.1503134895510123,1.1542805447765958,1.1486905200193487,1.1400057353640818,1.1446870412527357,1.1480795751356385,1.1508911561311828,1.1589274220530554,1.1683298782423133,1.1726218841299214,1.1635836614731472,1.1639441479542234,1.1539104270344982,1.1603055219696174,1.1627141412656068,1.1739998827330393,1.172469393144114,1.165381992001829,1.1732647500222526,1.1681101176271087,1.1678806007727438,1.1697189744149075,1.1610347654240727,1.1558846882124238,1.1587540641116003,1.1641933854214437,1.161768518092153,1.170695820549986,1.165102462892789,1.1676982704458803,1.1727442733957996,1.1775045680361524,1.182251126731412,1.1854462232571414,1.1868247298771624,1.1831811147061646,1.1828142639911376,1.1809781904392582,1.1808279510324151,1.1839313780662084,1.1894888562727415,1.1950920658416153,1.1856291316218912,1.1764441902396865,1.1781811205545667,1.1815221680098829,1.1766195091871137,1.1930723199615272,1.1932018715768542,1.2018337120208449]},"Wfrac_off":{"n":[[5000,5000,5000,5000,5000,5000,5000,5000,5000,5000,5000,5000,5000,5000,5000,5000,5000,5000,5000,5000,5000,5000,5000,5000,5000,5000,5000,5000,5000,5000,5000,5000,5000,5000,5000,5000,5000,5000,5000,5000,5000,5000,5000,5000,5000,5000,5000,5000,5000,5000,5000,5000,5000,5000,5000,5000,5000,5000,5000,5000,5000,5000,5000,5000,5000,5000,5000,5000,5000,5000,5000,5000,5000,5000,5000,5000,5000,5000,5000,5000,5000,5000,5000,5000,5000,5000,5000,5000,5000,5000,5000,5000,5000,5000,5000,5000,5000,5000,5000,5000,5000,5000,5000,5000,5000,5000,5000,5000,5000,5000,5000,5000,5000,5000,5000,5000,5000,5000,5000,5000,5000,5000,5000,5000,5000,5000,5000,5000,5000,5000,5000,5000,5000,5000,5000,5000,5000,5000,5000,5000,5000,5000,5000,5000,5000,5000,5000,5000,5000,5000,5000,5000,5000,5000,5000,5000,5000,5000,5000,5000,5000,5000,5000,5000,5000,5000,5000,5000,5000,5000,5000,5000,5000,5000,5000,5000,5000,5000,5000,5000,5000,5000,5000,5000,5000,5000,5000,5000,5000,5000,5000,5000,5000,5000,5000,5000,5000,5000,5000,5000,5000,5000,5000,5000,5000,5000,5000,5000,5000,5000,5000,5000,5000,5000,5000,5000,5000,5000,5000,5000,5000,5000,5000,5000,5000,5000,5000,5000,5000,5000,5000,5000,5000,5000,5000,5000,5000,5000,5000,5000,5000,5000,5000,5000,5000,5000,5000,5000,5000,5000,5000,5000,5000,5000,5000,5000,5000,5000,5000,5000,5000,5000,5000,5000,5000,5000,5000,5000,5000,5000,5000,5000,5000,5000,5000,5000,5000,5000,5000,5000,5000,5000,5000,5000,5000,5000,5000,5000,5000,5000,5000,5000,5000,5000,5000,5000,5000,5000,5000,5000,5000,5000,5000,5000,5000,5000,5000,5000,5000,5000,5000,5000,5000,5000,5000,5000,5000,5000,5000,5000,5000,5000,5000,5000,5000,5000,5000,5000,5000,5000,5000,5000,5000,5000,5000,5000,5000,5000,5000,5000,5000,5000,5000,5000,5000,5000,5000,5000,5000,5000,5000,5000,5000,5000,5000,5000,5000,5000,5000,5000,5000,5000,5000,5000,5000,5000,5000,5000,5000,5000,5000,5000,5000,5000,5000,5000,5000,5000,5000,5000,5000,5000,5000,5000,5000,5000,5000,5000,5000,5000,5000,5000,5000,5000,5000,5000,5000,5000,5000,5000,5000,5000,5000,5000,5000,5000,5000,5000,5000,5000,5000,5000,5000,5000,5000,5000,5000,5000,5000,5000,5000,5000,5000,5000,5000,5000,5000,5000,5000,5000,5000,5000,5000,5000,5000,5000,5000,5000,5000,5000,5000,5000,5000,5000,5000,5000,5000,5000,5000,5000,5000,5000,5000,5000,5000,5000,5000,5000,5000,5000,5000,5000,5000,5000,5000,5000,5000,5000,5000,5000,5000,5000,5000,5000,5000,5000,5000,5000,5000,5000,5000,5000,5000,5000,5000,5000,5000,5000,5000,5000,5000,5000,5000,5000,5000,5000,5000,5000,5000,5000,5000,5000,5000,5000,5000,5000,5000,5000,5000,5000,5000,5000,5000,5000,5000,5000,5000,5000,5000,5000,5000,5000,5000,5000,5000,5000,5000,5000,5000,5000,5000,5000,5000,5000,5000,5000,5000,5000,5000,5000,5000,5000,5000,5000,5000,5000,5000,5000,5000,5000,5000,5000,5000,5000,5000,5000,5000,5000,5000,5000,5000,5000,5000,5000,5000,5000,5000,5000,5000,5000,5000,5000,5000,5000,5000,5000,5000,5000,5000,5000,5000,5000,5000,5000,5000,5000,5000,5000,5000,5000,5000,5000,5000,5000,5000,5000,5000,5000,5000,5000,5000],[5000,5000,5000,5000,5000,5000,5000,5000,5000,5000,5000,5000,5000,5000,5000,5000,5000,5000,5000,5000,5000,5000,5000,5000,5000,5000,5000,5000,5000,5000,5000,5000,5000,5000,5000,5000,5000,5000,5000,5000,5000,5000,5000,5000,5000,5000,5000,5000,5000,5000,5000,5000,5000,5000,5000,5000,5000,5000,5000,5000,5000,5000,5000,5000,5000,5000,5000,5000,5000,5000,5000,5000,5000,5000,5000,5000,5000,5000,5000,5000,5000,5000,5000,5000,5000,5000,5000,5000,5000,5000,5000,5000,5000,5000,5000,5000,5000,5000,5000,5000,5000,5000,5000,5000,5000,5000,5000,5000,5000,5000,5000,5000,5000,5000,5000,5000,5000,5000,5000,5000,5000,5000,5000,5000,5000,5000,5000,5000,5000,5000,5000,5000,5000,5000,5000,5000,5000,5000,5000,5000,5000,5000,5000,5000,5000,5000,5000,5000,5000,5000,5000,5000,5000,5000,5000,5000,5000,5000,5000,5000,5000,5000,5000,5000,5000,5000,5000,5000,5000,5000,5000,5000,5000,5000,5000,5000,5000,5000,5000,5000,5000,5000,5000,5000,5000,5000,5000,5000,5000,5000,5000,5000,5000,5000,5000,5000,5000,5000,5000,5000,5000,5000,5000,5000,5000,5000,5000,5000,5000,5000,5000,5000,5000,5000,5000,5000,5000,5000,5000,5000,5000,5000,5000,5000,5000,5000,5000,5000,5000,5000,5000,5000,5000,5000,5000,5000,5000,5000,5000,5000,5000,5000,5000,5000,5000,5000,5000,5000,5000,5000,5000,5000,5000,5000,5000,5000,5000,5000,5000,5000,5000,5000,5000,5000,5000,5000,5000,5000,5000,5000,5000,5000,5000,5000,5000,5000,5000,5000,5000,5000,5000,5000,5000,5000,5000,5000,5000,5000,5000,5000,5000,5000,5000,5000,5000,5000,5000,5000,5000,5000,5000,5000,5000,5000,5000,5000,5000,5000,5000,5000,5000,5000,5000,5000,5000,5000,5000,5000,5000,5000,5000,5000,5000,5000,5000,5000,5000,5000,5000,5000,5000,5000,5000,5000,5000,5000,5000,5000,5000,5000,5000,5000,5000,5000,5000,5000,5000,5000,5000,5000,5000,5000,5000,5000,5000,5000,5000,5000,5000,5000,5000,5000,5000,5000,5000,5000,5000,5000,5000,5000,5000,5000,5000,5000,5000,5000,5000,5000,5000,5000,5000,5000,5000,5000,5000,5000,5000,5000,5000,5000,5000,5000,5000,5000,5000,5000,5000,5000,5000,5000,5000,5000,5000,5000,5000,5000,5000,5000,5000,5000,5000,5000,5000,5000,5000,5000,5000,5000,5000,5000,5000,5000,5000,5000,5000,5000,5000,5000,5000,5000,5000,5000,5000,5000,5000,5000,5000,5000,5000,5000,5000,5000,5000,5000,5000,5000,5000,5000,5000,5000,5000,5000,5000,5000,5000,5000,5000,5000,5000,5000,5000,5000,5000,5000,5000,5000,5000,5000,5000,5000,5000,5000,5000,5000,5000,5000,5000,5000,5000,5000,5000,5000,5000,5000,5000,5000,5000,5000,5000,5000,5000,5000,5000,5000,5000,5000,5000,5000,5000,5000,5000,5000,5000,5000,5000,5000,5000,5000,5000,5000,5000,5000,5000,5000,5000,5000,5000,5000,5000,5000,5000,5000,5000,5000,5000,5000,5000,5000,5000,5000,5000,5000,5000,5000,5000,5000,5000,5000,5000,5000,5000,5000,5000,5000,5000,5000,5000,5000,5000,5000,5000,5000,5000,5000,5000,5000,5000,5000,5000,5000,5000,5000,5000,5000,5000,5000,5000,5000,5000,5000,5000,5000,5000,5000,5000,5000,5000,5000,5000,5000,5000,5000,5000,5000,5000,5000,5000,5000,5000,5000,5000,5000,5000,5000,5000,5000,5000,5000,5000,5000,5000]],"mean":[[1.0,1.0,0.9534999999999999,0.8697999999999999,0.7697,0.6942999999999999,0.6415000000000001,0.6088000000000001,0.5845,0.5641999999999998,0.5539000000000001,0.5459,0.5391000000000001,0.5326000000000001,0.5261999999999999,0.5248000000000002,0.5205999999999998,0.5197,0.5165000000000001,0.5151999999999999,0.5144,0.5128999999999999,0.5116,0.5123000000000002,0.5099000000000002,0.5106000000000003,0.5095999999999999,0.5086000000000002,0.5083,0.5068000000000003,0.5078000000000003,0.5063000000000002,0.5048000000000001,0.5042000000000002,0.5036,0.5036,0.5033000000000001,0.504,0.5038,0.5042,0.5029000000000001,0.5025,0.5036000000000002,0.5039000000000001,0.5040000000000002,0.5037000000000003,0.5028000000000001,0.5025000000000002,0.5017000000000001,0.5013000000000001,0.5013,0.5012000000000001,0.5006,0.5011000000000001,0.5007000000000003,0.5001000000000001,0.5004000000000001,0.5005999999999999,0.5005000000000001,0.5005000000000003,0.5008000000000001,0.5008000000000001,0.5010999999999999,0.5008999999999999,0.5010999999999998,0.5005,0.5004000000000001,0.5006000000000002,0.5008,0.5011000000000002,0.5005000000000001,0.4999000000000002,0.4997000000000001,0.4999000000000003,0.5002000000000002,0.5002000000000002,0.5004000000000001,0.5001000000000002,0.4999,0.5000000000000002,0.5004000000000002,0.5002000000000001,0.5002000000000001,0.5002,0.5002,0.5004000000000001,0.5003000000000001,0.5003,0.5002000000000001,0.5003000000000002,0.5003000000000002,0.5004000000000002,0.5003,0.5003,0.5003,0.5002,0.5003,0.5003,0.5003,0.5002000000000001,0.5001,0.5001,0.5001,0.5001,0.5001,0.5001,0.5001,0.5001,0.5001,0.5001,0.5001,0.5001,0.5001,0.5001,0.5001,0.5001,0.5001,0.5001,0.5001,0.5001,0.5001,0.5001,0.5001,0.5001,0.5001,0.5001,0.5001,0.5001,0.5,0.5,0.5,0.5,0.5,0.5,0.5,0.5,0.5,0.5,0.5,0.5,0.5,0.5,0.5,0.5,0.5,0.5,0.5,0.5,0.5,0.5,0.5,0.5,0.5,0.5,0.5,0.5,0.5,0.5,0.5,0.5,0.5,0.5,0.5,0.5,0.5,0.5,0.5,0.5,0.5,0.5,0.5,0.5,0.5,0.5,0.5,0.5,0.5,0.5,0.5,0.5,0.5,0.5,0.5,0.5,0.5,0.5,0.5,0.5,0.5,0.5,0.5,0.5,0.5,0.5,0.5,0.5,0.5,0.5,0.5,0.5,0.5,0.5,0.5,0.5,0.5,0.5,0.5,0.5,0.5,0.5,0.5,0.5,0.5,0.5,0.5,0.5,0.5,0.5,0.5,0.5,0.5,0.5,0.5,0.5,0.5,0.5,0.5,0.5,0.5,0.5,0.5,0.5,0.5,0.5,0.5,0.5,0.5,0.5,0.5,0.5,0.5,0.5,0.5,0.5,0.5,0.5,0.5,0.5,0.5,0.5,0.5,0.5,0.5,0.5,0.5,0.5,0.5,0.5,0.5,0.5,0.5,0.5,0.5,0.5,0.5,0.5,0.5,0.5,0.5,0.5,0.5,0.5,0.5,0.5,0.5,0.5,0.5,0.5,0.5,0.5,0.5,0.5,0.5,0.5,0.5,0.5,0.5,0.5,0.5,0.5,0.5,0.5,0.5,0.5,0.5,0.5,0.5,0.5,0.5,0.5,0.5,0.5,0.5,0.5,0.5,0.5,0.5,0.5,0.5,0.5,0.5,0.5,0.5,0.5,0.5,0.5,0.5,0.5,0.5,0.5,0.5,0.5,0.5,0.5,0.5,0.5,0.5,0.5,0.5,0.5,0.5,0.5,0.5,0.5,0.5,0.5,0.5,0.5,0.5,0.5,0.5,0.5,0.5,0.5,0.5,0.5,0.5,0.5,0.5,0.5,0.5,0.5,0.5,0.5,0.5,0.5,0.5,0.5,0.5,0.5,0.5,0.5,0.5,0.5,0.5,0.5,0.5,0.5,0.5,0.5,0.5,0.5,0.5,0.5,0.5,0.5,0.5,0.5,0.5,0.5,0.5,0.5,0.5,0.5,0.5,0.5,0.5,0.5,0.5,0.5,0.5,0.5,0.5,0.5,0.5,0.5,0.5,0.5,0.5,0.5,0.5,0.5,0.5,0.5,0.5,0.5,0.5,0.5,0.5,0.5,0.5,0.5,0.5,0.5,0.5,0.5,0.5,0.5,0.5,0.5,0.5,0.5,0.5,0.5,0.5,0.5,0.5,0.5,0.5,0.5,0.5,0.5,0.5,0.5,0.5,0.5,0.5,0.5,0.5,0.5,0.5,0.5,0.5,0.5,0.5,0.5,0.5,0.5,0.5,0.5,0.5,0.5,0.5,0.5,0.5,0.5,0.5,0.5,0.5,0.5,0.5,0.5,0.5,0.5,0.5,0.5,0.5,0.5,0.5,0.5,0.5,0.5,0.5,0.5,0.5,0.5,0.5,0.5,0.5,0.5,0.5,0.5,0.5,0.5,0.5,0.5,0.5,0.5,0.5,0.5,0.5,0.5,0.5,0.5,0.5,0.5,0.5,0.5,0.5,0.5,0.5,0.5,0.5,0.5,0.5,0.5,0.5,0.5,0.5,0.5,0.5,0.5,0.5,0.5,0.5,0.5,0.5,0.5,0.5,0.5,0.5,0.5,0.5,0.5,0.5,0.5,0.5,0.5,0.5,0.5,0.5,0.5,0.5,0.5,0.5,0.5,0.5,0.5,0.5,0.5,0.5,0.5,0.5,0.5,0.5,0.5,0.5,0.5,0.5,0.5,0.5,0.5,0.5,0.5,0.5,0.5,0.5,0.5,0.5,0.5,0.5,0.5,0.5,0.5,0.5,0.5,0.5,0.5,0.5,0.5,0.5,0.5,0.5,0.5,0.5,0.5,0.5,0.5,0.5,0.5,0.5,0.5,0.5,0.5,0.5,0.5,0.5,0.5,0.5,0.5,0.5,0.5,0.5,0.5,0.5,0.5,0.5,0.5,0.5,0.5,0.5],[0.0,0.0,0.0465,0.1302,0.23029999999999995,0.30570000000000025,0.35850000000000004,0.39120000000000005,0.4155000000000001,0.4358,0.4461,0.4541,0.4609,0.4674,0.4738,0.47519999999999996,0.47939999999999994,0.48030000000000006,0.48350000000000004,0.48479999999999995,0.4856,0.4871,0.48840000000000006,0.48769999999999997,0.4901000000000001,0.48940000000000006,0.4903999999999999,0.4914000000000001,0.4917,0.49319999999999997,0.4922000000000001,0.49370000000000025,0.49520000000000003,0.4958,0.49640000000000006,0.49639999999999995,0.4966999999999999,0.49599999999999994,0.4962,0.4957999999999999,0.4971,0.49750000000000005,0.4963999999999999,0.4960999999999999,0.49599999999999983,0.4963,0.4971999999999999,0.4974999999999999,0.49829999999999985,0.49869999999999987,0.49870000000000003,0.4988000000000001,0.4994,0.49890000000000007,0.4993000000000002,0.4999,0.49959999999999993,0.4994,0.4995000000000001,0.49950000000000006,0.4992000000000001,0.49920000000000003,0.4988999999999999,0.4990999999999999,0.49889999999999973,0.4995,0